0000001000
000423
000826
000947
001216
001642
003537
005333
005410
006089
007540
008843
010551
010994
012000
012498
012790
013231
014919
017088
017216
017233
019031
019741
020149
021318
021576
021676
022127
023256
023278
025308
026807
028233
028458
030130
031445
032033
033181
033294
034394
038486
039855
039868
040076
040850
042364
045329
045549
046632
046875
049777
051079
051473
051744
051751
052567
052946
055691
055942
056384
056724
056804
058645
059068
059180
060336
060380
060536
061341
061391
061683
062329
063105
063614
067576
067955
068461
069680
072143
074039
074042
075137
075432
076492
076572
078210
078781
078844
080121
080791
081691
082514
083526
086321
089178
091072
091696
092268
092641
095483
095894
096570
097157
100288
100613
100631
102152
102776
102779
103569
104072
104352
104989
105091
106213
109930
110364
112972
114023
114641
116449
116893
119077
119210
119406
119502
120257
123313
124456
124659
125561
126981
127647
128663
131546
131746
132056
132227
132492
132630
132635
136334
136651
137207
138143
139856
140677
143175
145074
148256
148564
148818
149575
150342
150933
152847
155608
156004
157148
157605
158558
161888
162778
163120
165581
166257
166433
168397
169332
169558
169564
169885
170261
170355
175747
179316
179980
181219
183315
187542
187661
188503
189253
191437
192683
193013
196713
199501
199906
200967
202886
204695
205521
205720
206080
206970
207127
207822
207835
208207
208847
208953
209597
210740
212670
212687
214241
215254
216996
219324
221640
222843
223142
223374
225977
227201
229791
231284
232152
232271
232365
232440
234183
234539
236259
236371
237108
237260
237993
238191
238282
238372
239826
240780
242294
243427
244469
245240
246484
246799
247235
248510
249109
250299
250826
251265
251784
252884
253438
254067
254390
256915
257615
257887
258725
259810
259973
260623
261269
261287
261627
262188
262907
263970
265181
266559
266649
268526
270328
270747
271393
273751
275858
276231
277741
278715
284223
285242
287187
288152
288735
290870
291832
292401
293670
294512
296705
297762
298410
298473
299341
299949
301313
301516
301977
302417
304517
305219
305298
307515
308129
308301
308802
309644
309668
310844
311964
312614
315337
315510
315593
316269
316415
317268
317310
317368
319398
320294
322271
325249
326648
329227
330179
331007
332175
332213
333617
333664
334539
334725
335228
335745
337028
337757
338168
340364
341709
341981
342380
345634
346303
347250
347531
349039
350077
350197
351363
352052
352277
352721
354136
354963
355012
355613
355697
357718
358576
359590
362264
362827
362989
363171
363510
363559
365851
366128
367221
368449
369650
370742
370786
371520
371565
372227
374557
376053
376209
376320
378157
379484
380006
380685
381542
382279
382462
383399
383873
384932
385911
386776
387022
387305
388035
388433
389598
389954
391036
392268
392674
392837
393352
393526
394563
394628
397056
397865
399485
401049
401120
402279
404177
404908
405097
405680
406789
407448
407513
407514
407609
408332
408477
409088
410666
413087
413682
415453
416012
418694
418795
419216
421235
421268
421649
422463
424105
424590
425213
425804
428057
429645
429887
429916
430174
430979
432324
432492
433788
435677
437662
438284
439211
439341
439432
439601
441044
441886
442145
442202
442265
443996
444722
446914
448076
448258
448420
448672
448849
449651
450052
450074
450227
451737
452244
453525
454480
456425
457874
458864
459953
460135
461860
462335
462510
465303
465312
466366
467492
467786
469207
469893
471718
471808
474789
475182
475891
475964
477305
479538
480633
480669
481442
482480
483240
483476
486391
489362
490690
491432
492204
493051
493416
494480
496691
496757
498482
501125
502876
504810
505034
505108
505371
507085
509673
509770
511310
511734
512483
512737
514491
517928
520897
520927
521055
522250
523047
523460
524300
524507
524983
525164
526732
526778
527024
527404
528706
529194
530694
531815
532373
533356
534175
534315
535227
535346
535797
536605
538025
538943
538994
540886
540986
541238
541556
546805
547250
553875
555564
556282
556423
557494
558838
559389
559823
560582
563960
564640
565074
565171
565526
567687
568847
568972
569586
569823
570290
571102
571181
572012
574111
575002
575373
576683
578365
578721
580449
581791
582000
582057
582159
584126
585349
585433
586162
586415
587560
587747
589658
591080
592586
592895
593435
594924
595123
595560
595570
596469
596763
597016
599524
599930
600484
601690
602622
603259
604592
604755
605733
606469
607315
607316
607708
607737
611560
611887
614441
616254
616709
617182
617435
618409
619772
620364
621571
621900
627581
628557
630032
632381
632500
633116
636172
636728
637917
637982
640014
640112
640276
641064
644302
644641
645214
645736
646768
646775
649404
650926
651341
651809
652124
654009
654261
654324
656592
656906
658105
658245
660024
661394
661615
662449
664124
666568
669243
669504
670188
670566
671204
672135
672270
672999
677651
678102
678248
678457
678692
680843
680939
681254
682505
683317
683403
684335
684436
685011
685328
687218
688233
688424
688686
689573
690535
691936
692166
692470
694532
696597
697161
698296
699330
701088
702808
703155
703425
706398
707875
709214
710508
710540
711822
712724
715171
717286
717766
719199
719212
720535
720858
721165
722243
722371
722630
722798
723626
724716
725006
725919
727054
727711
727866
730354
730670
731475
731635
732577
733274
734056
734897
736133
736194
738275
738799
739079
740271
741400
742507
743759
746335
746403
747181
749425
750207
751202
751499
752207
752587
752601
753409
756619
756677
758455
759021
759694
762196
764097
765453
765838
766596
766726
767996
768155
769354
770473
772096
772262
773518
773865
775555
775933
776867
778222
779310
781013
782052
782060
782810
783016
786163
787013
788360
788952
789000
790293
790567
790723
790860
791579
791917
792457
793600
793885
794147
794311
795516
797814
798498
801219
801644
801826
804125
804845
805151
807703
809363
810129
812277
812866
814354
815027
815349
817916
818998
819927
821722
823087
826731
828693
829883
830846
837297
838428
838552
839416
839920
840008
840406
840571
840982
841911
844089
845839
846900
847264
848025
848459
851554
852139
853817
855352
855445
855960
856497
857394
857564
857601
858624
860500
861155
861302
862711
863188
864646
866716
866805
867382
867944
868550
869757
870305
871072
871891
872842
873132
873653
874306
874845
875645
876404
876499
879744
880877
883032
883047
884209
885313
888860
889164
889269
889291
891339
891754
893794
893915
895332
899623
900327
901548
903466
903958
906597
906619
907670
908029
912004
912072
912973
914171
915209
915700
917016
917527
918272
922575
924491
928358
928685
936005
936857
938494
939845
940213
942945
943903
944231
944850
945459
945682
946912
947224
947985
949692
951265
951515
953115
955612
956856
957953
959973
960764
961102
961903
962285
962624
963343
963754
966654
967137
968833
971244
971603
973402
973627
974466
975455
975987
976270
976772
977166
977285
977923
977954
978590
979029
979480
979845
979861
983200
983653
985752
988722
990301
990698
992392
992488
993332
994321
996026
998106
998894
998985
999388
