1000
010994
939845
297762
387305
899623
692470
611887
871072
599930
884209
596469
584126
604592
209597
351363
459953
776867
354963
326648
994321
607315
793600
309668
637917
979845
534315
317268
794147
851554
389598
236259
148818
332213
815349
202886
325249
394563
750207
266559
922575
992392
302417
764097
571102
662449
191437
273751
912973
960764
059180
263970
257615
205521
415453
277741
405680
607708
123313
951515
341981
936857
252884
725919
204695
448849
378157
840406
006089
389954
232365
162778
702808
885313
938494
912004
439341
719212
498482
471718
132635
346303
291832
524507
261627
956856
331007
254390
003537
778222
720858
966654
918272
741400
435677
166433
092641
060336
067955
891754
305298
940213
432324
169332
553875
477305
262907
461860
132056
052567
661615
879744
347531
474789
355012
170355
556282
772096
710540
208847
557494
880877
363559
021676
212687
104989
855352
116449
766726
593435
138143
621571
102776
746403
169558
889269
580449
367221
376053
052946
215254
247235
996026
682505
512483
081691
640014
039868
782052
527024
254067
407448
293670
441044
019031
193013
045549
576683
976270
437662
033181
906619
496757
788952
817916
175747
366128
595560
243427
080121
413682
421649
216996
978590
462510
330179
801826
895332
872842
861302
632500
617182
465312
156004
727054
299949
287187
075432
394628
752207
636728
109930
362989
912072
893794
944231
857601
022127
627581
862711
457874
166257
999388
900327
169564
261287
678248
699330
853817
161888
032033
428057
340364
469893
292401
632381
838552
565526
746335
370742
786163
010551
703425
574111
990698
547250
355613
906597
944850
007540
868550
082514
392674
565074
413087
454480
815027
370786
150933
801644
582057
828693
706398
837297
756619
363171
768155
248510
983200
644641
759021
040076
257887
145074
666568
602622
597016
429645
903466
329227
301313
238282
354136
525164
864646
407514
532373
839920
100288
656592
720535
453525
546805
493051
136651
955612
308301
645214
616709
337757
369650
382462
055691
812866
421268
646768
075137
505034
979480
301516
212670
687218
450227
670188
606469
901548
860500
589658
335745
870305
722798
538943
946912
636172
288152
581791
096570
804125
736194
949692
743759
020149
260623
875645
448076
439601
526732
114641
448420
333664
790567
206080
494480
738275
781013
603259
734897
541556
727866
810129
520927
430174
341709
656906
517928
227201
387022
429916
444722
559389
883032
812277
169885
199501
586415
945682
408477
977954
128663
384932
797814
943903
119077
779310
168397
928358
555564
809363
670566
148564
355697
658245
352052
021576
637982
132630
814354
429887
045329
541238
998106
170261
618409
617435
307515
140677
237993
511734
059068
641064
558838
967137
867944
439432
374557
078781
187661
103569
342380
405097
540986
347250
529194
106213
359590
671204
234183
132227
382279
372227
294512
208953
789000
049777
051079
316415
208207
259973
119406
466366
721165
237260
392268
334539
688686
560582
232152
143175
840571
489362
509673
819927
131546
450074
315593
855445
871891
095894
586162
430979
889291
888860
736133
691936
386776
149575
968833
393526
409088
352721
787013
759694
450052
179980
942945
521055
773518
276231
766596
971244
214241
493416
852139
124659
791579
661394
975455
469207
334725
042364
406789
091696
345634
116893
961102
404908
957953
511310
876499
520897
976772
791917
183315
388433
266649
404177
873653
482480
782060
017233
599524
569586
526778
917016
684436
928685
446914
971603
724716
200967
619772
000423
985752
207835
798498
678692
072143
684335
259810
582000
421235
250299
425213
467492
397056
677651
988722
025308
475891
219324
222843
654009
730354
914171
578721
855960
758455
962285
866805
100613
607316
486391
150342
310844
973402
947985
278715
568972
124456
317368
998985
051744
509770
236371
979029
449651
131746
752601
332175
936005
725006
448258
490690
102152
536605
315337
719199
244469
838428
402279
223142
672270
640112
575002
460135
772262
380006
857394
271393
033294
467786
694532
749425
990301
240780
840982
867382
061391
732577
903958
246484
858624
298410
232440
722371
061683
315510
256915
571181
959973
062329
660024
038486
285242
604755
805151
795516
056724
790293
083526
021318
848025
507085
462335
013231
692166
915700
565171
311964
731475
531815
152847
524300
621900
312614
438284
232271
951265
605733
575373
977166
231284
424105
572012
709214
363510
380685
051473
422463
697161
471808
535346
534175
821722
034394
245240
483476
889164
963343
540886
031445
456425
349039
239826
528706
753409
238372
376320
308129
582159
998894
793885
399485
592895
451737
238191
756677
876404
028458
595570
234539
523047
416012
512737
465303
491432
432492
385911
874306
501125
611560
883047
678102
063105
335228
163120
607737
701088
646775
505108
723626
383399
189253
767996
651341
568847
296705
567687
690535
530694
319398
961903
023256
322271
337028
051751
407609
362264
591080
475964
762196
091072
068461
381542
846900
433788
046875
000826
696597
711822
861155
388035
788360
401120
924491
181219
119502
502876
333617
251784
357718
475182
040850
804845
823087
689573
765838
371520
392837
773865
100631
688233
962624
664124
569823
738799
425804
559823
179316
055942
496691
747181
644302
192683
633116
290870
535797
196713
317310
680843
242294
739079
847264
483240
132492
080791
155608
698296
917527
992488
522250
630032
119210
538994
866716
751202
139856
563960
710508
063614
973627
086321
863188
250826
371565
014919
023278
775933
672135
587560
840008
443996
628557
069680
308802
505371
807703
533356
030130
206970
712724
298473
442265
669504
818998
246799
907670
826731
977285
441886
672999
856497
114023
669243
792457
752587
223374
350077
078210
770473
039855
157148
352277
074039
564640
104352
874845
616254
681254
056804
012498
974466
458864
061341
585349
060536
097157
126981
844089
703155
614441
338168
078844
578365
205720
481442
058645
127647
829883
794311
585433
258725
977923
592586
734056
678457
137207
076492
275858
594924
270328
790723
654261
046632
570290
857564
649404
112972
845839
076572
136334
005333
601690
775555
379484
110364
299341
187542
207822
074042
104072
524983
012790
873132
683317
424590
915209
688424
556423
595123
782810
452244
908029
722243
000947
125561
368449
685011
527404
651809
401049
251265
092268
229791
304517
225977
253438
301977
261269
157605
504810
947224
376209
535227
727711
600484
419216
717286
165581
596763
442145
538025
733274
410666
148256
017088
028233
707875
418694
268526
975987
783016
249109
765453
731635
587747
305219
158558
221640
262188
067576
284223
869757
442202
270747
740271
945459
391036
730670
188503
953115
715171
397865
383873
026807
680939
350197
479538
005410
652124
514491
841911
492204
769354
095483
008843
358576
407513
650926
309644
408332
060380
742507
210740
001216
717766
199906
017216
480669
265181
001642
207127
019741
801219
288735
320294
620364
891339
316269
658105
439211
963754
685328
983653
523460
683403
893915
056384
654324
848459
448672
751499
480633
105091
640276
839416
102779
645736
120257
830846
979861
237108
790860
012000
362827
365851
418795
722630
993332
393352
089178
